1	'Sub1'	'GSU'	99999999	0	1	0	1	15	2	15
2	'Sub4'	'GY-GY'	0,2	0,1	1	0	7	18	8	18
3	'Sub2'	'GSU'	0,1	0	1	0	3	16	4	16
4	'Sub2'	'GSU'	0,1	0	1	0	3	16	4	16
5	'Sub3'	'Auto'	0,04	0,06	1	0	5	6	6	17
6	'Sub6'	'GSU'	0,15	0	1	0	11	20	12	20
7	'Sub6'	'GSU'	0,15	0	1	0	11	20	12	20
8	'Sub5'	'GY-GY'	0,04	0,06	1	0	9	19	10	19
9	'Sub5'	'GY-GY'	0,04	0,06	1	0	9	19	10	19
10	'Sub8'	'GSU'	0,1	0	1	0	13	21	14	21
11	'Sub8'	'GSU'	0,1	0	1	0	13	21	14	21
12	'Sub4'	'Auto'	0,04	0,06	1	0	7	8	8	18
13	'Sub4'	'GY-GY'	0,2	0,1	1	0	7	18	8	18
14	'Sub4'	'Auto'	0,04	0,06	1	0	7	8	8	18
15	'Sub3'	'Auto'	0,04	0,06	1	0	5	6	6	17